      clusters_total  hidepth_min clusters_hidepth avg_depth_total avg_depth_mj avg_depth_stat sd_depth_total sd_depth_mj sd_depth_stat
AL1          1177586          6.0           178458            4.37        20.30          20.30          33.51       84.29         84.29
AL2          1616422          6.0           247531            4.28        20.33          20.33          37.20       93.42         93.42
AL5          1908487          6.0           297520            4.53        21.96          21.96          33.89       83.69         83.69
AL7          1519350          6.0           229862            4.10        19.13          19.13          33.67       84.98         84.98
AR1           905995          6.0           104966            3.10        14.50          14.50          18.02       51.44         51.44
AR10          857362          6.0            88575            2.96        15.03          15.03          17.98       54.40         54.40
AR11          795773          6.0            89016            3.09        14.74          14.74          15.50       44.55         44.55
AR12          695179          6.0            71682            2.95        14.76          14.76          13.93       41.45         41.45
AR23          896208          6.0            82416            2.66        13.50          13.50          13.33       42.35         42.35
AR24          760162          6.0            85659            3.11        14.83          14.83          14.20       40.32         40.32
AR25          733471          6.0            73232            2.81        13.65          13.65          13.02       39.45         39.45
AR4          1369145          6.0           194353            3.31        14.58          14.58          25.27       65.91         65.91
AR5          1735605          6.0           242959            3.21        14.66          14.66          21.53       56.16         56.16
ARO28        1492180          6.0           203146            3.41        15.94          15.94          21.92       57.80         57.80
ASC1          642666          6.0            46735            2.27        10.84          10.84          12.50       45.33         45.33
ASC2          938524          6.0           122026            3.46        15.78          15.78          24.74       67.27         67.27
BA10          756848          6.0            47409            2.11        12.07          12.07          12.05       46.92         46.92
BA12          730905          6.0            63038            2.53        12.94          12.94          13.78       45.55         45.55
BA14          710464          6.0            66723            2.68        13.30          13.30          14.22       44.94         44.94
BA16          758322          6.0            52862            2.20        12.00          12.00          11.00       40.26         40.26
BA17          755358          6.0            61039            2.40        12.13          12.13          13.92       47.79         47.79
BA18          441073          6.0            33723            2.22        10.54          10.54          11.31       39.85         39.85
BA2          1085625          6.0           130050            3.09        14.26          14.26          16.40       45.76         45.76
BA3           762767          6.0            69908            2.58        12.65          12.65          14.20       45.59         45.59
BA5          1336898          6.0           205592            3.99        17.86          17.86          24.36       60.23         60.23
CE1           611893          6.0            52229            2.49        12.31          12.31           9.89       32.08         32.08
CE10         1282348          6.0           167833            3.23        14.81          14.81          19.78       53.18         53.18
CE11         1622634          6.0           226708            3.30        15.15          15.15          26.74       70.34         70.34
CE12         1337524          6.0           192015            3.42        15.17          15.17          20.93       53.71         53.71
CE16          963445          6.0            68392            2.31        12.97          12.97           9.51       33.75         33.75
CE17         1000023          6.0           120209            3.12        14.36          14.36          18.33       51.41         51.41
CE19          811007          6.0            87319            2.98        14.32          14.32          13.97       40.75         40.75
CE20          677206          6.0            52325            2.35        12.12          12.12          10.45       36.03         36.03
CE21          806724          6.0            80579            2.81        13.85          13.85          13.21       40.03         40.03
CE3           797931          6.0            68729            2.59        13.51          13.51          10.45       33.58         33.58
FN01          985372          6.0           112251            2.93        13.28          13.28          13.71       38.98         38.98
FN02          619818          6.0            52057            2.43        11.63          11.63           9.77       32.15         32.15
FN03         1166251          6.0           165679            3.69        16.67          16.67          25.98       67.44         67.44
FN15          802958          6.0            83177            2.98        15.00          15.00          14.24       42.28         42.28
FN5            46036          6.0              165            1.34        48.08          48.08           8.83      139.62        139.62
FN7           766296          6.0            66056            2.59        13.72          13.72          12.57       41.08         41.08
FN8           297177          6.0            48358            3.54        14.08          14.08          15.64       36.97         36.97
OIC1          438488          6.0            24246            1.99         9.54           9.54           6.87       27.86         27.86
OIC3         2232282          6.0           300795            3.85        20.34          20.34          36.02       96.49         96.49
OIC4         1009585          6.0            95173            2.68        13.63          13.63          16.76       53.26         53.26
RN10         1439122          6.0           191583            3.28        15.20          15.20          22.05       59.01         59.01
RN11          646725          6.0            64822            2.73        13.19          13.19          14.10       43.04         43.04
RN12         1016591          6.0           114497            2.91        13.52          13.52          18.21       53.01         53.01
RN13          574844          6.0            28182            1.89        10.00          10.00           6.55       28.13         28.13
RN14          661684          6.0            58076            2.51        12.47          12.47          10.99       35.45         35.45
RN2           822353          6.0            76797            2.57        12.41          12.41          13.63       43.28         43.28
RN2A          779230          6.0            44908            2.06        11.54          11.54           9.13       36.57         36.57
RN3           980532          6.0           120493            3.20        14.79          14.79          19.00       52.69         52.69
RN4           687124          6.0            55456            2.36        11.57          11.57          10.50       35.52         35.52
SPS10        1365346          6.0           183263            3.08        13.58          13.58          23.61       63.41         63.41
SPS2         1207937          6.0           163673            3.21        14.15          14.15          15.99       41.75         41.75
SPS3           94491          6.0              567            1.31        20.75          20.75           7.24       91.09         91.09
SPS8         1421152          6.0           161455            2.87        13.92          13.92          21.15       61.57         61.57
STH2          378546          6.0            20054            1.98         9.80           9.80           9.35       39.60         39.60
TM1           918772          6.0           116433            3.18        13.98          13.98          18.76       51.34         51.34
TM10         1151469          6.0           149354            3.47        16.44          16.44          20.52       55.18         55.18
TM11         1649703          6.0           247345            3.68        16.82          16.82          25.46       64.15         64.15
TM14         1295834          6.0           191597            3.45        14.80          14.80          22.42       56.94         56.94
TM15         1463724          6.0           209483            3.39        15.18          15.18          29.29       76.34         76.34
TM2          1178765          6.0            66264            2.01        11.56          11.56           9.99       40.80         40.80
TM21         1269119          6.0           164234            3.27        15.22          15.22          20.09       54.31         54.31
TM23         1367634          6.0           186185            3.32        15.07          15.07          23.12       61.32         61.32
TM3          1527497          6.0           236624            3.77        16.73          16.73          32.16       80.47         80.47
TMV4         1363648          6.0           182015            3.19        14.37          14.37          24.59       66.19         66.19
TMV5         1524666          6.0           224643            3.48        15.53          15.53          29.63       76.04         76.04
TMV6         1429107          6.0           206869            3.39        14.94          14.94          22.80       58.56         58.56