      clusters_total  hidepth_min clusters_hidepth avg_depth_total avg_depth_mj avg_depth_stat sd_depth_total sd_depth_mj sd_depth_stat
AL1          1035345          6.0           169501            4.67        20.42          20.42          34.20       82.70         82.70
AL2          1415191          6.0           238303            4.61        20.36          20.36          38.81       92.95         92.95
AL5          1655322          6.0           288139            4.92        21.91          21.91          44.31      104.54        104.54
AL7          1327980          6.0           220802            4.37        18.95          18.95          27.04       64.33         64.33
AR1           812607          6.0           100362            3.26        14.63          14.63          15.81       43.22         43.22
AR10          772490          6.0            84719            3.11        15.22          15.22          17.29       50.51         50.51
AR11          715012          6.0            84819            3.25        15.01          15.01          15.51       43.17         43.17
AR12          628989          6.0            68144            3.09        15.05          15.05          13.40       38.56         38.56
AR23          810524          6.0            79276            2.78        13.66          13.66          12.33       37.59         37.59
AR24          683643          6.0            81332            3.27        15.10          15.10          15.55       43.18         43.18
AR25          664104          6.0            70061            2.94        13.92          13.92          13.27       39.06         39.06
AR4          1206623          6.0           188240            3.55        14.65          14.65          25.92       64.47         64.47
AR5          1523659          6.0           238147            3.46        14.66          14.66          22.51       55.59         55.59
ARO28        1318058          6.0           196225            3.65        16.05          16.05          23.02       58.09         58.09
ASC1          587840          6.0            45882            2.37        10.98          10.98          12.66       44.28         44.28
ASC2          840685          6.0           116671            3.65        15.88          15.88          18.84       48.73         48.73
BA10          695439          6.0            46114            2.19        12.33          12.33          12.01       45.30         45.30
BA12          665545          6.0            60540            2.62        13.13          13.13          10.41       32.56         32.56
BA14          644463          6.0            63846            2.78        13.41          13.41          11.07       33.20         33.20
BA16          693699          6.0            51152            2.28        12.14          12.14           8.74       30.35         30.35
BA17          687631          6.0            58975            2.50        12.33          12.33          12.60       41.65         41.65
BA18          405412          6.0            32911            2.32        10.89          10.89          14.02       48.29         48.29
BA2           968597          6.0           125558            3.28        14.44          14.44          17.33       46.55         46.55
BA3           688935          6.0            67480            2.70        12.79          12.79          14.51       45.03         45.03
BA5          1169777          6.0           198185            4.30        17.90          17.90          26.01       61.37         61.37
CE1           555439          6.0            50063            2.61        12.60          12.60          10.15       31.99         31.99
CE10         1138936          6.0           162022            3.43        14.88          14.88          19.56       50.31         50.31
CE11         1422836          6.0           221509            3.54        15.05          15.05          23.08       57.10         57.10
CE12         1175375          6.0           186146            3.68        15.22          15.22          21.63       52.82         52.82
CE16          878008          6.0            66215            2.41        13.20          13.20           8.68       29.34         29.34
CE17          895008          6.0           115364            3.29        14.48          14.48          16.17       43.32         43.32
CE19          729605          6.0            83448            3.14        14.56          14.56          13.25       37.12         37.12
CE20          618290          6.0            50513            2.44        12.28          12.28           9.85       32.73         32.73
CE21          724979          6.0            77069            2.97        14.17          14.17          13.31       38.93         38.93
CE3           724372          6.0            66080            2.71        13.81          13.81          10.53       32.72         32.72
FN01          876682          6.0           108773            3.14        13.52          13.52          15.98       43.88         43.88
FN02          563898          6.0            50333            2.52        11.73          11.73           9.47       30.00         30.00
FN03         1030831          6.0           159145            3.92        16.66          16.66          26.26       65.34         65.34
FN15          724045          6.0            78982            3.12        15.30          15.30          13.78       39.55         39.55
FN7           694878          6.0            63309            2.71        13.93          13.93          11.12       34.78         34.78
FN8           268582          6.0            45738            3.71        14.46          14.46          15.87       36.55         36.55
OIC1          404852          6.0            24145            2.05         9.68           9.68           6.42       24.80         24.80
OIC3         1934221          6.0           294772            4.18        20.13          20.13          37.33       94.03         94.03
OIC4          912436          6.0            91157            2.83        13.95          13.95          18.24       56.43         56.43
RN10         1269488          6.0           185634            3.54        15.44          15.44          31.24       80.63         80.63
RN11          587474          6.0            62125            2.88        13.70          13.70          20.69       62.52         62.52
RN12          910496          6.0           110467            3.09        13.72          13.72          18.67       52.30         52.30
RN13          528676          6.0            28069            1.95        10.15          10.15           5.64       22.64         22.64
RN14          600857          6.0            55719            2.62        12.72          12.72          10.82       33.75         33.75
RN2           743377          6.0            73956            2.69        12.66          12.66          13.60       41.70         41.70
RN2A          713679          6.0            44171            2.14        11.65          11.65           7.73       29.24         29.24
RN3           877767          6.0           114653            3.37        14.97          14.97          18.55       49.71         49.71
RN4           625833          6.0            53664            2.47        11.98          11.98          13.59       45.21         45.21
SPS10        1222047          6.0           177905            3.24        13.48          13.48          18.27       46.52         46.52
SPS2         1074560          6.0           158068            3.42        14.24          14.24          16.92       42.45         42.45
SPS8         1272857          6.0           157051            3.04        13.97          13.97          21.90       61.18         61.18
STH2          350520          6.0            19959            2.03         9.81           9.81           9.05       36.85         36.85
TM1           822309          6.0           111265            3.37        14.22          14.22          19.00       50.23         50.23
TM10         1028895          6.0           142578            3.66        16.59          16.59          20.80       54.03         54.03
TM11         1439424          6.0           240880            4.00        16.86          16.86          32.33       77.73         77.73
TM14         1142089          6.0           185188            3.70        14.87          14.87          22.79       55.23         55.23
TM15         1289585          6.0           203588            3.63        15.12          15.12          23.95       58.91         58.91
TM2          1072579          6.0            64946            2.09        11.65          11.65           9.51       37.17         37.17
TM21         1127249          6.0           158516            3.47        15.20          15.20          18.79       48.43         48.43
TM23         1208226          6.0           180651            3.54        15.03          15.03          18.81       46.97         46.97
TM3          1335334          6.0           229172            4.07        16.75          16.75          33.31       79.15         79.15
TMV4         1205564          6.0           177163            3.40        14.33          14.33          20.50       52.10         52.10
TMV5         1342415          6.0           218340            3.72        15.43          15.43          23.62       57.12         57.12
TMV6         1259996          6.0           201000            3.64        14.96          14.96          23.06       56.36         56.36