Simulation	Best_Replicate	log-likelihood	theta	sfs_sum	chi-squared	optimized_params
1	Round_4_Replicate_3	-768.05	2094.44	23387.19	412.86	0.5188,2.5722,0.7282,7.5512,2.9974,0.0684,0.077,0.4541
2	Round_4_Replicate_4	-1596.85	3966.96	23606.59	2404.32	7.26,0.0454,0.0742,4.8572,28.7706,1.1545,0.0464,0.3304
3	Round_4_Replicate_4	-1783.02	486.97	23280.11	4283.72	10.2789,0.0886,4.9514,17.113,0.1729,0.4072,0.4846,6.9917
4	Round_4_Replicate_3	-2416.67	1906.61	23289.24	10644.9	0.5154,0.4073,0.8593,6.0679,0.6358,2.6605,2.3002,3.8415
5	Round_4_Replicate_1	-1696.0	821.29	23598.5	2305.13	0.2101,0.0792,1.3609,10.4435,1.4955,0.1244,0.495,4.3151
6	Round_4_Replicate_1	-1509.51	2740.39	23549.46	2650.86	0.2442,0.489,0.4186,4.5197,4.2401,1.3843,0.2179,0.4514
7	Round_1_Replicate_12	-2183.88	2751.14	23360.53	12954.67	0.3774,1.8908,1.1405,2.7583,0.335,3.7471,0.5281,0.8091
8	Round_4_Replicate_4	-2213.86	849.52	23715.91	5959.07	0.1677,0.1982,1.5079,10.0939,2.185,0.5466,6.3721,2.4066
9	Round_4_Replicate_5	-1615.91	2622.17	23467.18	8238.81	0.6564,0.5493,1.1447,5.0746,1.4041,1.9215,0.1405,0.338
10	Round_1_Replicate_5	-869.76	2228.18	23449.02	576.86	0.2152,0.6698,0.7588,5.5149,3.8325,0.1267,0.9847,0.5399
11	Round_4_Replicate_1	-1559.23	1670.85	23403.77	2517.89	27.8703,0.3127,0.5477,6.6987,3.8794,0.9817,0.1254,1.2346
12	Round_4_Replicate_4	-1440.14	1956.8	23454.32	2089.51	9.1867,2.2868,0.2529,7.9694,5.248,0.1156,0.5341,0.4339
13	Round_4_Replicate_2	-830.33	2928.2	23560.15	510.82	0.0727,0.252,0.7962,4.0874,3.4278,0.3988,0.1613,0.4248
14	Round_4_Replicate_2	-1312.5	1150.05	23376.26	1584.51	7.8265,2.0107,0.9425,9.3201,1.7473,0.3692,1.5181,1.1543
15	Round_4_Replicate_2	-1203.1	2267.64	23499.83	1676.91	0.7666,0.8277,1.743,6.7397,0.2043,0.4254,0.0452,0.3881
16	Round_4_Replicate_4	-2553.25	1775.83	23474.36	24600.2	0.2523,11.6159,0.7404,6.8151,4.2739,3.5361,0.8419,0.3666
17	Round_4_Replicate_3	-2803.86	495.1	23296.95	7824.36	0.29,0.1025,0.5087,26.8815,6.3753,0.9522,16.0031,4.1055
18	Round_3_Replicate_3	-2290.11	1709.47	23553.94	5258.77	0.6992,1.3012,1.1278,4.4764,0.5507,1.5492,1.4158,1.2613
19	Round_4_Replicate_3	-1013.67	1516.95	23625.88	924.53	7.8893,5.437,0.293,23.1221,8.684,0.4986,1.1289,0.1133
20	Round_4_Replicate_2	-1225.53	2041.84	23388.86	3172.62	3.0641,0.6768,1.5627,5.8948,0.3555,1.4053,0.1421,0.5392
21	Round_4_Replicate_2	-2505.01	2439.53	23389.68	38028.06	1.6654,0.7507,1.3127,4.0735,0.5742,4.1706,0.0612,0.7262
22	Round_4_Replicate_2	-1560.43	1312.91	23617.8	3964.63	0.5209,14.5194,2.9591,6.9738,0.1637,0.8873,0.148,1.3963
23	Round_4_Replicate_1	-1034.12	2268.72	23479.18	955.89	7.5718,1.0979,0.3759,4.8467,5.753,0.051,0.2229,0.621
24	Round_4_Replicate_3	-1540.49	1553.41	23371.81	1807.83	0.5838,0.5565,1.3009,4.7338,1.0301,0.3853,0.2368,1.5725
25	Round_4_Replicate_1	-1744.24	1893.65	23397.72	6808.03	0.9098,7.1681,1.0737,5.0466,1.5305,2.1759,0.6381,0.3195
26	Round_4_Replicate_4	-898.41	2555.94	23505.61	763.67	1.1405,0.8885,0.7956,6.4806,2.768,0.4243,0.1451,0.3035
27	Round_4_Replicate_1	-1364.38	2066.22	23410.56	2168.52	1.954,1.3382,2.9748,7.04,0.3406,0.2363,0.1173,0.3837
28	Round_4_Replicate_5	-913.87	2069.7	23519.71	676.34	0.5169,4.7057,0.5685,5.047,3.7202,0.0962,0.2078,0.5667
29	Round_4_Replicate_5	-969.73	2089.71	23481.1	870.61	0.6201,2.6351,1.8282,6.63,0.8454,0.3174,0.2195,0.3482
30	Round_4_Replicate_4	-2140.38	1105.22	23658.12	10459.78	0.1443,2.9636,2.3974,7.7289,0.1969,1.3428,3.6163,2.7882
31	Round_4_Replicate_1	-2552.72	2563.12	23619.97	8583.03	2.1022,11.8555,0.8016,3.1832,0.4432,3.1151,0.6822,2.6475
32	Round_4_Replicate_1	-1120.9	1470.24	23508.24	1224.38	0.3521,1.1557,1.9768,7.8895,0.6977,0.2508,0.1626,0.9656
33	Round_4_Replicate_4	-1052.57	1165.72	23672.27	1025.87	24.2403,6.4586,0.9559,15.2431,1.7521,0.1598,1.1498,0.4233
34	Round_4_Replicate_5	-1126.24	2613.16	23302.66	1160.88	3.8458,2.2134,0.4607,4.4654,4.5064,0.6172,0.2249,0.2599
35	Round_4_Replicate_1	-1147.66	1495.67	23471.65	1296.65	1.1413,1.4311,0.2662,10.1853,9.9563,0.0703,7.3417,0.6928
36	Round_1_Replicate_9	-2412.62	4153.64	23442.1	13968.02	2.5493,0.3985,0.5195,2.8744,0.3126,5.7716,0.1341,2.5961
37	Round_4_Replicate_3	-1532.31	1318.2	23434.87	2163.75	9.0962,0.0388,1.4926,6.5675,0.9424,0.5606,0.6952,1.7099
38	Round_4_Replicate_4	-1962.21	1234.16	23559.0	11618.58	0.4345,3.2879,2.2947,7.765,0.3855,1.3082,1.9386,1.1109
39	Round_4_Replicate_1	-1519.61	2292.12	23342.64	2235.71	1.5473,2.7559,0.2153,4.9654,10.7717,0.5808,0.035,0.6165
40	Round_4_Replicate_4	-720.71	2150.67	23381.67	289.53	6.4533,1.7384,0.7066,6.4672,2.9646,0.0881,0.1628,0.4455
41	Round_4_Replicate_2	-1166.68	2178.55	23415.15	1467.81	3.0715,6.505,1.7536,4.2798,1.2765,0.2094,0.1891,0.369
42	Round_4_Replicate_3	-796.97	1793.86	23299.18	433.86	1.1012,7.1088,1.1461,6.5531,2.0385,0.2371,0.5245,0.2254
43	Round_4_Replicate_1	-1682.47	2571.32	23508.01	5238.61	1.0947,0.8851,0.698,5.4237,3.4594,1.9733,0.0746,0.3764
44	Round_4_Replicate_3	-1960.0	255.38	23431.69	3378.8	0.0533,1.0856,8.3697,28.7706,0.4956,0.0144,3.7978,15.3367
45	Round_4_Replicate_2	-1419.15	1614.29	23261.43	2535.12	0.3977,0.0558,1.3974,6.2505,0.7588,0.8582,0.1828,1.2924
46	Round_4_Replicate_3	-2203.39	2361.07	23519.0	4468.53	0.4824,2.2418,0.9609,3.146,0.47,1.9378,0.3627,0.8056
47	Round_4_Replicate_1	-1468.3	2778.23	23245.11	2081.13	1.1582,15.2502,0.4262,4.3847,0.3766,0.7254,0.1951,0.0408
48	Round_4_Replicate_2	-1758.55	3385.77	23264.55	2216.22	15.0527,0.6461,0.5748,2.5751,2.3734,0.7897,0.1545,0.2025
49	Round_4_Replicate_3	-1016.74	2093.69	23630.86	1083.47	0.5863,22.1343,2.0613,6.8526,1.0844,0.0105,0.1447,0.3197
50	Round_4_Replicate_2	-1271.21	1378.17	23648.87	1571.45	0.3321,7.5033,1.9402,7.9439,0.5935,0.3588,0.1628,1.0897
51	Round_4_Replicate_5	-1778.18	811.92	23529.22	2670.53	0.6978,1.507,0.7487,12.1386,3.6773,0.1275,0.011,3.5282
52	Round_4_Replicate_4	-2248.38	2917.22	23218.12	8013.8	0.1259,0.5455,0.8452,2.7728,0.1772,3.7186,0.5643,3.9328
53	Round_2_Replicate_3	-2043.37	2655.1	23516.95	5133.18	0.3133,23.648,9.3363,4.7083,0.0248,0.7101,0.0734,0.2112
54	Round_4_Replicate_1	-1266.47	2538.72	23152.57	2969.15	1.0712,0.9158,0.8059,6.6443,2.4556,1.0922,0.0543,0.3146
55	Round_4_Replicate_1	-2169.8	1072.97	23354.35	3178.36	5.7866,1.3103,1.086,6.1077,1.687,0.1465,0.6668,3.6928
56	Round_4_Replicate_5	-1137.15	1879.14	23541.12	1166.35	1.0425,2.0309,2.2648,8.6959,0.7522,0.1708,0.3546,0.3611
57	Round_4_Replicate_1	-1115.36	2327.86	23577.65	1158.07	0.389,0.7223,0.268,4.9221,8.009,0.1165,2.1601,0.6926
58	Round_4_Replicate_1	-895.22	4638.76	23456.76	655.6	2.9555,0.0716,0.3409,2.3385,8.634,0.1989,0.0817,0.3216
59	Round_3_Replicate_3	-1258.95	2073.34	23579.37	2295.61	0.3378,14.0915,2.6434,4.9471,0.9633,0.4211,0.0481,0.5169
60	Round_4_Replicate_5	-2420.45	4965.24	23377.14	9751.0	1.0382,8.363,0.4641,1.6841,0.5041,6.3147,2.1387,10.8982
61	Round_4_Replicate_3	-1416.4	1077.58	23502.26	1636.7	0.745,0.5311,1.8968,9.0399,0.5507,0.3473,1.5818,1.7631
62	Round_4_Replicate_3	-1916.38	1029.36	23402.9	7686.83	0.1784,0.5134,2.7445,7.8501,0.3153,1.1659,0.5463,3.5459
63	Round_4_Replicate_1	-1572.09	1471.29	23575.9	2710.94	0.3276,0.4993,3.3265,7.2222,0.191,0.401,0.0187,0.9702
64	Round_4_Replicate_2	-1159.35	1203.44	23436.98	1292.38	1.9531,8.7655,2.393,15.149,4.6893,0.1291,1.2819,0.101
65	Round_4_Replicate_4	-1478.43	2716.03	23827.64	1805.72	0.3057,2.9329,0.8161,3.9465,1.0777,0.0754,0.0192,0.3771
66	Round_4_Replicate_4	-1268.1	2240.04	23526.92	1801.92	1.4656,0.3893,2.0802,3.864,0.6733,0.7819,0.1246,0.5309
67	Round_2_Replicate_4	-1447.96	2688.56	23519.17	3546.56	14.8558,12.3207,0.7335,5.3735,2.2634,1.8487,0.0247,0.3271
68	Round_2_Replicate_5	-894.84	1905.48	23705.19	739.45	2.4921,2.115,1.0782,5.5905,1.5574,0.441,0.1558,0.6827
69	Round_4_Replicate_5	-802.92	1560.34	23342.6	455.32	0.1585,2.4666,0.8401,7.7543,2.5945,0.0475,0.2509,0.8742
70	Round_4_Replicate_2	-2397.61	2711.94	23412.62	10332.96	0.4253,0.1776,0.7943,3.3317,0.3044,3.181,0.642,1.94
71	Round_4_Replicate_5	-1909.95	2630.57	23449.41	5065.01	4.956,1.5938,1.0683,2.8727,0.1768,3.1213,0.3397,0.1366
72	Round_4_Replicate_4	-2411.83	6245.72	23740.27	11460.64	0.9072,1.179,0.3395,1.6463,0.7618,8.0219,1.0142,6.4951
73	Round_4_Replicate_3	-1974.72	2697.6	23363.99	4907.72	2.5414,0.2144,0.7966,4.8694,0.3527,2.3859,0.0861,0.4188
74	Round_4_Replicate_2	-1031.99	1329.52	23318.33	959.36	2.3344,4.1026,1.7336,8.0093,1.1138,0.1785,0.153,1.1583
75	Round_4_Replicate_1	-1344.71	1596.82	23456.73	1607.73	1.0932,5.083,2.43,4.8768,1.5874,0.5209,0.9595,0.3071
76	Round_4_Replicate_1	-2832.27	2343.38	23695.37	8269.66	0.3135,0.5459,0.5856,4.7965,4.6812,2.0348,1.8508,0.4474
77	Round_4_Replicate_1	-958.38	1465.85	23221.77	764.14	1.0019,1.6886,1.3521,8.3093,1.1244,0.1658,0.5907,0.7842
78	Round_4_Replicate_4	-1735.86	876.53	23576.34	4930.05	0.8059,25.1345,2.8825,9.6805,0.3819,0.6943,0.4739,3.0152
79	Round_4_Replicate_5	-1299.89	2360.29	23543.39	2257.38	5.8022,12.5982,2.095,4.0304,0.7169,0.48,0.0828,0.3664
80	Round_3_Replicate_3	-2632.95	3216.02	23567.9	14252.77	1.4612,0.2314,0.5976,4.3033,0.5387,4.8274,3.5835,3.0052
81	Round_4_Replicate_2	-1319.51	2746.45	23530.42	1773.05	0.2576,0.9599,0.3594,6.1752,6.4529,0.6615,0.0789,0.2986
82	Round_4_Replicate_2	-2459.93	25058.85	23252.0	9348.15	0.2499,2.105,0.0954,0.3312,0.2548,29.2316,1.9071,0.507
83	Round_4_Replicate_5	-1214.4	2833.13	23666.09	1759.76	1.6272,1.9465,1.42,5.1727,0.7123,0.2175,0.0642,0.2124
84	Round_4_Replicate_5	-734.46	2307.96	23469.81	299.85	0.7219,1.1021,0.5844,6.5291,4.0217,0.1066,0.3738,0.3855
85	Round_4_Replicate_4	-2384.58	8803.69	23602.25	10907.96	2.703,0.9852,0.2582,1.1129,0.8246,11.6609,0.0878,3.1629
86	Round_4_Replicate_4	-1083.72	2501.14	23713.65	1693.82	0.299,0.9697,0.7634,5.8311,3.6256,0.648,0.1443,0.3606
87	Round_4_Replicate_1	-964.42	2287.19	23539.78	812.03	14.379,0.2821,0.8247,6.6517,1.4146,0.2954,0.0306,0.4764
88	Round_4_Replicate_1	-1827.85	645.49	23209.35	9282.41	6.7874,0.6615,4.5465,14.5744,0.1984,0.6661,0.1486,4.4067
89	Round_4_Replicate_4	-2444.92	2058.85	23810.98	15666.06	2.2722,0.0111,1.1175,5.1987,0.2361,2.8886,0.0528,4.384
90	Round_4_Replicate_2	-2041.04	909.89	23488.1	8486.65	0.1296,5.5756,2.1236,11.2934,0.927,1.1537,0.366,3.4038
91	Round_4_Replicate_1	-1215.91	1828.02	23363.26	1391.83	18.3759,0.089,2.0337,5.9214,0.6557,0.2476,0.0252,0.7745
92	Round_4_Replicate_3	-2037.33	2419.12	23396.47	7999.27	1.2119,1.6059,0.8685,3.7607,0.9082,2.8425,0.1837,0.75
93	Round_2_Replicate_4	-1274.73	1494.23	23466.77	1581.2	1.1163,5.5845,12.0138,11.794,1.2194,0.2578,0.7389,0.2202
94	Round_4_Replicate_2	-2371.61	7050.89	23372.66	12282.61	5.1378,6.9931,0.2992,1.4652,0.7512,9.184,0.5223,20.7055
95	Round_4_Replicate_4	-2553.53	2928.3	23609.6	11005.05	0.8235,6.2795,0.6863,2.8058,1.5381,3.8458,0.0706,0.7126
96	Round_4_Replicate_4	-937.23	1739.58	23652.24	946.1	1.5289,4.174,1.1101,6.2989,2.5055,0.3013,0.2965,0.6449
97	Round_4_Replicate_2	-798.93	2146.02	23374.69	452.87	0.685,1.4032,0.5701,7.4517,3.8888,0.2319,0.5149,0.3643
98	Round_4_Replicate_1	-1221.59	2389.53	23519.24	1462.58	3.3248,0.4869,0.8272,4.8693,4.3341,0.1477,1.002,0.535
99	Round_4_Replicate_3	-1161.16	2403.39	23489.56	2242.99	3.578,3.4268,0.8109,6.7561,3.0937,0.7195,0.0791,0.3168
100	Round_4_Replicate_1	-2146.23	1829.68	23554.82	2795.58	0.6399,1.3449,0.4426,6.083,5.8492,0.462,3.3981,0.3196
